"C:\Program Files\Java\jdk-18.0.2.1\bin\java.exe" "-javaagent:C:\Program Files\JetBrains\IntelliJ IDEA 2022.2.1\lib\idea_rt.jar=56831:C:\Program Files\JetBrains\IntelliJ IDEA 2022.2.1\bin" -Dfile.encoding=UTF-8 -Dsun.stdout.encoding=UTF-8 -Dsun.stderr.encoding=UTF-8 -classpath "C:\Users\Thomas\Documents\IdeaProjects\KTH\ID1021\ID2021-Algoritmer-och-Datastrukturer\out\production\ID1021 - Algoritmer och Datastrukturer" priorities.priority
1 633 800
101 1001 100
201 928 200
301 636 100
401 764 200
501 678 100
601 686 200
701 732 200
801 897 100
901 944 100
1001 1140 100
1101 1299 200
1201 1360 100
1301 1462 200
1401 1605 100
1501 1707 100
1601 1774 200
1701 1930 100
1801 2248 100
1901 2503 200
2001 2818 300
2101 3049 200
2201 3315 300
2301 3068 200
2401 3563 400
2501 3646 200
2601 3502 100
2701 3736 100
2801 3727 100
2901 3848 200
3001 4129 100
3101 3810 100
3201 3754 100
3301 4237 200
3401 4519 100
3501 4831 200
3601 4963 200
3701 4988 200
3801 5334 100
3901 5083 100
4001 5560 100
4101 5575 100
4201 5875 300
4301 6482 200
4401 6613 200
4501 6270 100
4601 6164 200
4701 7323 200
4801 5970 100
4901 7093 100
5001 7010 200
5101 7796 100
5201 7183 100
5301 7177 200
5401 7249 200
5501 7842 200
5601 7150 200
5701 8241 200
5801 8531 200
5901 8827 200
6001 8686 200
6101 9030 100
6201 8533 700
6301 9275 200
6401 9092 200
6501 9028 200
6601 8854 100
6701 9413 200
6801 9706 100
6901 9530 100
7001 10149 200
7101 10404 400
7201 10167 100
7301 11260 200
7401 10281 200
7501 10074 200
7601 11007 200
7701 10624 200
7801 11470 200
7901 12714 200
8001 10882 200
8101 11310 200
8201 13053 100
8301 12588 100
8401 11715 100
8501 13136 200
8601 12549 200
8701 12684 200
8801 12948 100
8901 13386 200
9001 12932 100
9101 13505 300
9201 13018 200
9301 13533 200
9401 14211 200
9501 14173 200
9601 14672 200
9701 14842 200
9801 13799 200
9901 14947 100

Process finished with exit code 0
